%%%%%%%%%%%%%%%%%%%%%%%%%%%%%%%%%%%%%%
%
% This is how you write code:
%
% \begin{minted}{matlab}
% foo = [2 1 0;1 4 3;2 4.5 6];
% \end{minted}
%

% This is how you import code:
% 
% \inputminted[linenos]{matlab}{foo_bar.m}
%
 
% Most figures are imported this way:
%
% \begin{figure}
% \includegraphics[width=\textwidth]{foo_figure}
% \caption{This is a caption}
% \end{figure}
%
%%%%%%%%%%%%%%%%%%%%%%%%%%%%%%%%%%%%%%


\documentclass[00-main.tex]{subfiles}
\begin{document}




\section*{Problem One}

\subsection*{a.}
\begin{equation}
G_{1}=\left[
 \begin{matrix}

    0.1961  &  0.9806    &     0      &   0 \\
   -0.9806  &  0.1961    &     0    &     0\\
      0     &   0 &   1.0000    &     0\\
      0    &     0    &     0 &   1.0000
 \end{matrix}
 \right]
\end{equation}
\begin{equation}
G_{2}=\left[
 \begin{matrix}

    1.0000    &     0    &     0    &     0\\
         0  & -0.0868  & 0.9962    &    0\\
         0 &  -0.9962 &  -0.0868   &      0\\
         0     &    0     &   0  &  1.0000
 \end{matrix}
 \right]
\end{equation}
\begin{equation}
G_{3}=\left[
 \begin{matrix}

    1.0000       &  0     &    0    &     0\\
         0  &  1.0000     &    0     &    0\\
         0    &     0   & 0.0578   & 0.9983\\
         0   &      0 &  -0.9983  &  0.0578\\
 \end{matrix}
 \right]
\end{equation}






%\bibliosub
\end{document}